# NODES
1 北京总仓 北京市朝阳区
2 天津仓 天津市滨海新区
3 石家庄仓 河北省石家庄市
4 太原仓 山西省太原市
5 呼和浩特仓 内蒙古呼和浩特市
6 沈阳仓 辽宁省沈阳市
7 大连仓 辽宁省大连市
8 长春仓 吉林省长春市
9 哈尔滨仓 黑龙江省哈尔滨市
10 上海总仓 上海市浦东新区
11 南京仓 江苏省南京市
12 杭州仓 浙江省杭州市
13 合肥仓 安徽省合肥市
14 福州仓 福建省福州市
15 南昌仓 江西省南昌市
16 济南仓 山东省济南市
17 郑州仓 河南省郑州市
18 武汉仓 湖北省武汉市
19 长沙仓 湖南省长沙市
20 广州总仓 广东省广州市
21 深圳仓 广东省深圳市
22 南宁仓 广西壮族自治区南宁市
23 成都仓 四川省成都市
24 重庆仓 重庆市渝中区
25 西安仓 陕西省西安市
# EDGES
1 2 1.5 60.00
1 3 3.0 90.00
1 16 3.5 100.00
1 25 8.0 200.00
2 1 1.5 60.00
2 6 5.0 130.00
2 16 3.0 85.00
3 1 3.0 90.00
3 17 4.5 110.00
3 4 4.0 105.00
4 5 6.0 150.00
4 25 5.5 140.00
5 4 6.0 150.00
6 2 5.0 130.00
6 7 1.5 50.00
6 8 3.0 80.00
7 6 1.5 50.00
8 6 3.0 80.00
8 9 3.0 75.00
9 8 3.0 75.00
10 11 2.0 70.00
10 12 2.5 80.00
10 16 6.0 150.00
11 10 2.0 70.00
11 13 2.5 75.00
11 17 5.0 120.00
12 10 2.5 80.00
12 14 4.0 110.00
12 15 4.5 115.00
13 11 2.5 75.00
13 18 4.0 100.00
14 12 4.0 110.00
14 20 5.5 130.00
15 13 4.5 115.00
15 18 4.0 100.00
15 19 3.5 90.00
16 1 3.5 100.00
16 10 6.0 150.00
16 17 3.5 90.00
17 16 3.5 90.00
17 25 4.5 110.00
17 18 4.0 100.00
18 17 4.0 100.00
18 19 3.5 85.00
18 23 8.0 180.00
19 18 3.5 85.00
19 20 4.5 110.00
20 19 4.5 110.00
20 21 1.0 40.00
20 22 5.0 120.00
21 20 1.0 40.00
22 20 5.0 120.00
22 24 8.5 190.00
23 18 8.0 180.00
23 24 2.5 70.00
23 25 6.5 160.00
24 23 2.5 70.00
24 22 8.5 190.00
25 1 8.0 200.00
25 17 4.5 110.00
25 23 6.5 160.00
